797
827
714
612
907
864
678
820
920
801
971
997
906
500
650
893
748
899
545
554
743
934
939
873
696
615
611
762
889
927
604
774
880
603
712
926
719
745
651
577
960
819
680
760
863
673
515
797
824
797
859
705
535
799
827
666
652
892
823
965
596
537
964
837
679
800
728
777
999
809
964
642
620
835
882
848
981
912
788
655
812
950
722
504
763
530
650
998
527
650
970
706
703
538
729
605
675
830
846
878
921
901
775
520
767
684
676
906
552
676
808
519
552
829
852
810
540
925
745
983
685
579
868
584
988
723
946
957
846
790
916
853
997
675
585
795
613
543
747
960
809
904
732
817
731
922
564
645
832
1000
851
803
774
683
684
861
519
866
884
836
944
828
693
556
692
511
806
538
592
973
559
749
704
926
619
969
955
699
993
640
707
995
758
761
658
920
842
836
755
897
868
676
730
761
985
755
787
894
881
607
656
774
936
694
716
739
623
512
990
927
551
558
561
878
894
791
604
780
890
962
614
831
853
810
757
800
809
891
929
510
811
609
755
895
755
815
517
556
752
503
781
614
632
762
596
569
727
924
795
916
529
619
624
548
964
976
777
734
512
649
874
876
534
793
947
582
603
719
794
902
992
535
961
739
788
884
798
813
891
531
728
587
529
543
829
767
830
687
500
948
968
840
895
565
598
863
848
961
994
796
968
694
977
881
851
539
811
726
697
929
641
772
712
676
663
633
880
608
741
649
643
790
893
518
522
869
904
873
760
832
963
908
999
954
743
897
823
689
831
849
880
818
540
828
993
855
552
719
979
757
869
697
813
619
721
720
741
546
867
772
847
831
656
846
546
960
618
717
600
982
684
576
927
923
977
713
971
764
523
517
857
783
731
836
675
897
564
658
525
968
561
518
766
979
512
780
772
624
746
959
918
531
857
736
528
898
656
775
664
631
900
719
634
939
617
811
877
749
807
886
606
732
839
506
602
723
784
860
536
933
736
714
780
762
522
945
736
720
890
945
929
985
984
958
982
730
942
530
588
580
602
776
731
774
777
771
657
926
808
521
633
681
947
578
783
923
534
867
816
684
646
817
812
999
652
712
723
718
594
946
870
808
751
994
887
522
838
859
990
977
963
646
507
579
783
530
793
926
533
570
862
587
693
535
528
924
622
871
804
538
748
543
601
868
628
838
850
927
638
784
855
875
892
619
904
977
833
747
616
739
611
774
960
862
506
791
808
969
758
634
893
977
900
662
649
705
805
665
973
810
849
929
968
904
592
898
601
930
896
668
779
681
840
585
917
857
766
696
894
784
535
840
568
640
521
617
900
655
820
544
957
593
822
545
510
844
954
616
778
913
678
631
578
838
649
940
968
750
637
946
943
952
500
652
525
565
846
826
707
850
1000
711
939
672
519
651
696
825
514
571
725
981
602
850
891
784
871
646
749
942
631
987
716
698
526
571
545
764
877
869
759
690
950
854
985
700
568
794
728
808
996
998
599
862
791
952
788
897
593
626
587
598
703
818
964
531
504
934
610
990
897
896
548
664
541
642
737
877
527
948
892
928
918
903
544
988
700
565
752
515
734
637
861
933
719
850
677
938
878
899
573
822
812
517
700
550
763
510
631
568
867
818
506
843
885
759
922
590
914
500
804
879
658
875
603
645
934
806
615
537
576
565
699
962
817
607
554
1000
622
789
785
987
924
874
813
516
920
670
861
619
719
975
798
682
660
910
669
526
690
506
657
736
733
985
929
672
766
989
579
692
855
616
945
663
518
966
785
937
755
992
577
736
578
990
833
980
565
789
511
828
699
718
976
532
783
662
718
958
609
911
932
658
699
813
597
818
737
512
851
981
724
576
765
973
664
900
995
877
842
526
543
652
874
849
711
822
874
520
561
930
937
601
702
565
679
558
612
587
600
960
617
774
578
533
802
989
924
681
597
971
798
878
771
615
571
750
745
901
555
626
631
724
994
956
680
811
803
697
832
722
935
718
578
820
691
622
993
896
716
682
892
532
551
756
537
737
620
981
907
744
926
982
887
847
801
642
599
798
762
556
669
823
817
752
734
843
910
904
993
930
814
603
554
574
943
584
835
937
669
649
813
642
554
815
771
916
593
531
519
997
781
673
798
511
965
921
690
661
902
525
669
685
658
684
800
613
528
571
693
914
674
504
744
795
519
934
503
572
565
605
721
967
546
755
947
636
930
986
689
779
711
878
908
761
675
519
657
981
502
656
543
909
859
729
985
581
624
904
655
508
554
967
541
591
865
817
644
897
884
878
824
540
555
500
524
793
784
572
844
571
906
631
934
756
952
924
640
884
543
548
906
733
742
702
795
713
699
846
888
941
775
547
994
928
744
500
629
804
543
921
739
719
762
679
650
509
918
882
750
763
986
976
678
537
570
808
568
512
904
714
516
736
574
661
991
711
960
742
979
517
617
867
992
502
672
695
894
597
581
548
986
735
975
594
622
982
850
933
809
519
811
661
539
813
647
739
575
511
943
949
569
982
695
788
744
859
915
812
820
608
903
684
744
910
604
882
596
945
739
787
942
766
682
630
521
773
953
953
657
753
861
733
979
665
914
910
783
637
991
998
873
978
940
906
525
813
595
875
602
570
864
897
737
831
988
701
959
802
875
963
906
910
599
670
688
911
844
777
809
667
673
669
691
634
691
521
943
567
649
551
963
746
827
707
672
796
518
984
886
668
629
620
518
543
749
823
978
866
653
973
